8796019 1324327 1.440148322259E12
8796048 1324348 1.44014832674E12
8796048 1324348 1.440148326909E12
8796048 1324348 1.440148327013E12
8796048 1324348 1.440148327117E12
8796048 1324348 1.440148327227E12
8796048 1324348 1.440148327329E12
8796048 1324348 1.440148327432E12
8796048 1324348 1.440148327535E12
8796048 1324348 1.440148327651E12
8796048 1324348 1.440148327753E12
8796048 1324348 1.440148327859E12
8796199 1324198 1.440148327974E12
8796199 1324198 1.440148328079E12
8796199 1324198 1.440148328189E12
8796199 1324198 1.440148328298E12
8796199 1324198 1.440148328403E12
8796199 1324198 1.440148328511E12
8796199 1324198 1.440148328614E12
8796199 1324198 1.440148328723E12
8796199 1324198 1.440148328832E12
8796199 1324198 1.440148328952E12
8796199 1324198 1.44014832906E12
8796199 1324198 1.440148329167E12
8796199 1324198 1.440148329272E12
8796199 1324198 1.440148329381E12
8796199 1324198 1.440148329485E12
8796199 1324198 1.44014832959E12
8796199 1324198 1.440148329701E12
8796199 1324198 1.440148329809E12
8796199 1324198 1.440148329922E12
8796199 1324198 1.440148330032E12
8796199 1324198 1.440148330129E12
8796199 1324199 1.440148330233E12
8796199 1324199 1.440148330338E12
8796199 1324199 1.440148330449E12
8796199 1324199 1.440148330553E12
8796199 1324199 1.440148330655E12
8796199 1324199 1.440148330758E12
8796199 1324199 1.440148330878E12
8796199 1324199 1.440148330983E12
8796199 1324199 1.440148331099E12
8796199 1324199 1.440148331202E12
8796199 1324199 1.440148331322E12
8796199 1324199 1.440148331437E12
8796199 1324199 1.440148331546E12
8796199 1324199 1.440148331673E12
8796199 1324199 1.440148331783E12
8796199 1324199 1.44014833189E12
8796199 1324199 1.440148331997E12
8796199 1324199 1.440148332103E12
8796199 1324199 1.440148332218E12
8796199 1324199 1.440148332321E12
8796097 1324299 1.44014833244E12
8796097 1324299 1.44014833256E12
8796097 1324299 1.440148332668E12
8796097 1324299 1.44014833278E12
8796097 1324299 1.440148332899E12
8796097 1324299 1.440148333009E12
8796097 1324299 1.440148333119E12
8796097 1324299 1.440148333235E12
8796097 1324299 1.440148333343E12
8796097 1324299 1.440148333451E12
8796097 1324299 1.440148333558E12
8796097 1324299 1.440148333676E12
8796097 1324299 1.440148333785E12
8796097 1324299 1.440148333896E12
8796097 1324299 1.440148334008E12
8796097 1324299 1.440148334121E12
8796097 1324299 1.440148334224E12
8796097 1324299 1.440148334342E12
8796097 1324299 1.440148334458E12
8796097 1324299 1.440148334562E12
8796102 1324295 1.440148334665E12
8796102 1324295 1.440148334774E12
8796102 1324295 1.440148334883E12
8796102 1324295 1.440148334986E12
8796102 1324295 1.4401483351E12
8796102 1324295 1.440148335216E12
8796102 1324295 1.440148335324E12
8796102 1324295 1.440148335439E12
8796102 1324295 1.440148335554E12
8796102 1324295 1.440148335656E12
8796102 1324295 1.440148335768E12
8796102 1324295 1.440148335877E12
8796102 1324295 1.440148335988E12
8796102 1324295 1.440148336097E12
8796102 1324295 1.440148336214E12
8796102 1324295 1.440148336318E12
8796102 1324295 1.440148336422E12
8796102 1324295 1.440148336531E12
8796102 1324295 1.44014833664E12
8796102 1324295 1.440148336746E12
8796102 1324295 1.440148336856E12
8796150 1324246 1.440148336961E12
8796150 1324246 1.440148337072E12
8796150 1324246 1.440148337187E12
8796150 1324246 1.440148337302E12
8796150 1324246 1.440148337413E12
8796150 1324246 1.440148337528E12
8796150 1324246 1.440148337647E12
8796150 1324246 1.440148337756E12
8796150 1324246 1.440148337894E12
8796150 1324246 1.440148338005E12
8796150 1324246 1.44014833811E12
8796150 1324246 1.440148338219E12
8796150 1324246 1.440148338336E12
8796150 1324246 1.440148338449E12
8796150 1324246 1.440148338555E12
8796150 1324246 1.440148338669E12
8796150 1324246 1.440148338785E12
8796150 1324246 1.44014833889E12
8796150 1324246 1.440148338996E12
8796150 1324246 1.440148339102E12
8795748 1324723 1.440148339206E12
8795748 1324723 1.440148339324E12
8795748 1324723 1.440148339424E12
8795748 1324723 1.44014833954E12
8795748 1324723 1.440148339644E12
8795748 1324723 1.440148339758E12
8795748 1324723 1.440148339862E12
8795748 1324723 1.440148339992E12
8795748 1324723 1.440148340101E12
8795748 1324723 1.440148340205E12
8795748 1324723 1.440148340317E12
8795748 1324723 1.440148340429E12
8795748 1324723 1.440148340545E12
8795748 1324723 1.44014834065E12
8795748 1324723 1.440148340755E12
8795748 1324723 1.440148340869E12
8795748 1324723 1.440148340971E12
8795748 1324723 1.440148341088E12
8795748 1324723 1.440148341194E12
8795748 1324723 1.440148341305E12
8795748 1324723 1.440148341414E12
8795322 1325326 1.440148341522E12
8795322 1325326 1.440148341636E12
8795322 1325326 1.440148341748E12
8795322 1325326 1.440148341854E12
8795322 1325326 1.440148341971E12
8795322 1325326 1.440148342086E12
8795322 1325326 1.440148342202E12
8795322 1325326 1.440148342315E12
8795322 1325326 1.440148342431E12
8795322 1325326 1.44014834253E12
8795322 1325326 1.440148342636E12
8795322 1325326 1.440148342748E12
8795322 1325326 1.440148342851E12
8795322 1325326 1.44014834296E12
8795322 1325326 1.440148343066E12
8795322 1325326 1.440148343171E12
8795322 1325326 1.440148343276E12
8795322 1325326 1.440148343387E12
8795322 1325326 1.440148343492E12
8795322 1325326 1.440148343604E12
8795647 1324825 1.440148343712E12
8795647 1324825 1.440148343821E12
8795647 1324825 1.440148343927E12
8795647 1324825 1.440148344031E12
8795647 1324825 1.440148344147E12
8795647 1324825 1.440148344249E12
8795647 1324825 1.440148344361E12
8795647 1324825 1.440148344469E12
8795647 1324825 1.440148344596E12
8795647 1324825 1.440148344705E12
8795647 1324825 1.440148344824E12
8795647 1324825 1.44014834493E12
8795647 1324825 1.440148345039E12
8795647 1324825 1.440148345151E12
8795647 1324825 1.440148345259E12
8795647 1324825 1.440148345378E12
8795647 1324825 1.440148345486E12
8795647 1324825 1.440148345624E12
8795647 1324825 1.44014834579E12
8795647 1324825 1.440148345956E12
8795078 1325593 1.440148346056E12
8795078 1325593 1.440148346165E12
8795078 1325593 1.440148346362E12
8795078 1325593 1.44014834648E12
8795078 1325593 1.440148346594E12
8795078 1325593 1.440148346723E12
8795078 1325593 1.440148346869E12
8795078 1325593 1.440148346997E12
8795078 1325593 1.440148347101E12
8795078 1325593 1.440148347212E12
8795078 1325593 1.440148347341E12
8795078 1325593 1.440148347471E12
8795078 1325593 1.440148347587E12
8795078 1325593 1.440148347692E12
8795078 1325593 1.440148347806E12
8795078 1325593 1.440148347921E12
8795078 1325593 1.440148348038E12
8795251 1325369 1.440148348156E12
8795251 1325369 1.44014834828E12
8795251 1325369 1.440148348392E12
8795251 1325369 1.440148348531E12
8795251 1325369 1.440148348638E12
8795251 1325369 1.440148348758E12
8795251 1325369 1.44014834887E12
8795251 1325369 1.440148349013E12
8795251 1325369 1.440148349114E12
8795251 1325369 1.440148349268E12
8795251 1325369 1.440148349367E12
8795251 1325369 1.440148349527E12
8795251 1325369 1.440148349631E12
8795251 1325369 1.440148349741E12
8795251 1325369 1.440148349952E12
8795251 1325369 1.440148350056E12
8795251 1325369 1.440148350161E12
8795251 1325369 1.440148350313E12
8794772 1326051 1.440148350436E12
8794772 1326051 1.440148350611E12
8794772 1326051 1.440148350755E12
8794772 1326051 1.440148350858E12
8794772 1326051 1.440148350993E12
8794772 1326051 1.440148351094E12
8794772 1326051 1.440148351223E12
8794772 1326051 1.440148351336E12
8794772 1326051 1.440148351503E12
8794772 1326051 1.440148351618E12
8794772 1326051 1.440148351751E12
8794772 1326051 1.440148351868E12
8794772 1326051 1.44014835201E12
8794772 1326051 1.44014835212E12
8794772 1326051 1.440148352278E12
8794772 1326051 1.44014835238E12
8794772 1326051 1.440148352491E12
8794772 1326051 1.44014835262E12
8794698 1326099 1.440148352731E12
8794698 1326099 1.440148352837E12
8794698 1326099 1.440148352954E12
8794698 1326099 1.440148353059E12
8794698 1326099 1.44014835318E12
8794698 1326099 1.440148353285E12
8794698 1326099 1.440148353398E12
8794698 1326099 1.440148353506E12
8794698 1326099 1.440148353638E12
8794698 1326099 1.440148353736E12
8794698 1326099 1.440148353843E12
8794698 1326099 1.440148353955E12
8794698 1326099 1.440148354069E12
8794698 1326099 1.440148354243E12
8794698 1326099 1.440148354349E12
8794698 1326099 1.440148354484E12
8794698 1326099 1.440148354602E12
8794698 1326099 1.440148354733E12
8794698 1326099 1.44014835484E12
8794625 1326222 1.440148354983E12
8794625 1326222 1.440148355096E12
8794625 1326222 1.440148355209E12
8794625 1326222 1.440148355312E12
8794625 1326222 1.440148355436E12
8794625 1326222 1.440148355555E12
8794625 1326222 1.44014835566E12
8794625 1326222 1.440148355805E12
8794625 1326222 1.440148355909E12
8794625 1326222 1.44014835602E12
8794625 1326222 1.440148356181E12
8794625 1326222 1.440148356292E12
8794625 1326222 1.440148356424E12
8794625 1326222 1.44014835656E12
8794625 1326222 1.440148356662E12
8794625 1326222 1.440148356869E12
8794625 1326222 1.44014835696E12
8794625 1326222 1.440148357081E12
8794450 1326446 1.440148357201E12
8794450 1326446 1.44014835733E12
8794450 1326446 1.440148357444E12
8794450 1326446 1.440148357573E12
8794450 1326446 1.440148357728E12
8794450 1326446 1.440148357855E12
8794450 1326446 1.440148357977E12
8794450 1326446 1.440148358117E12
8794450 1326446 1.440148358224E12
8794450 1326446 1.440148358353E12
8794450 1326446 1.440148358458E12
8794450 1326446 1.440148358587E12
8794450 1326446 1.440148358706E12
8794450 1326446 1.440148358831E12
8794450 1326446 1.440148358949E12
8794450 1326446 1.44014835906E12
8794450 1326446 1.44014835922E12
8794450 1326446 1.440148359329E12
8794073 1327000 1.440148359459E12
8794073 1327000 1.440148359566E12
8794073 1327000 1.440148359685E12
8794073 1327000 1.440148359803E12
8794073 1327000 1.440148359925E12
8794073 1327000 1.440148360034E12
8794073 1327000 1.440148360202E12
8794073 1327000 1.440148360302E12
8794073 1327000 1.440148360419E12
8794073 1327000 1.440148360531E12
8794073 1327000 1.440148360697E12
8794073 1327000 1.440148360804E12
8794073 1327000 1.44014836093E12
8794073 1327000 1.440148361048E12
8794073 1327000 1.440148361174E12
8794073 1327000 1.440148361283E12
8794073 1327000 1.440148361451E12
8794073 1327000 1.44014836155E12
8794172 1326824 1.440148361708E12
8794172 1326824 1.440148361874E12
8794172 1326824 1.440148361997E12
8794172 1326824 1.440148362103E12
8794172 1326824 1.440148362285E12
8794172 1326824 1.440148362437E12
8794172 1326824 1.440148362528E12
8794172 1326824 1.440148362634E12
8794172 1326824 1.440148362772E12
8794172 1326824 1.440148362884E12
8794172 1326824 1.440148362993E12
8794172 1326824 1.440148363107E12
8794172 1326824 1.440148363213E12
8794172 1326824 1.440148363329E12
8794172 1326824 1.440148363452E12
8794172 1326824 1.440148363583E12
8794172 1326824 1.440148363695E12
8794172 1326824 1.440148363809E12
8793848 1327300 1.440148363921E12
8793848 1327300 1.440148364055E12
8793848 1327300 1.440148364197E12
8793848 1327300 1.440148364326E12
8793848 1327300 1.440148364437E12
8793848 1327300 1.440148364557E12
8793848 1327300 1.440148364671E12
8793848 1327300 1.440148364874E12
8793848 1327300 1.440148364991E12
8793848 1327300 1.440148365128E12
8793848 1327300 1.440148365236E12
8793848 1327300 1.440148365407E12
8793848 1327300 1.440148365507E12
8793848 1327300 1.440148365615E12
8793848 1327300 1.440148365736E12
8793848 1327300 1.440148365852E12
8793848 1327300 1.440148365997E12
8793849 1327298 1.440148366118E12
8793849 1327298 1.440148366233E12
8793849 1327298 1.440148366384E12
8793849 1327298 1.440148366498E12
8793849 1327298 1.440148366615E12
8793849 1327298 1.440148366719E12
8793849 1327298 1.44014836684E12
8793849 1327298 1.440148366971E12
8793849 1327298 1.440148367119E12
8793849 1327298 1.440148367237E12
8793849 1327298 1.440148367376E12
8793849 1327298 1.440148367496E12
8793849 1327298 1.440148367628E12
8793849 1327298 1.440148367733E12
8793849 1327298 1.440148367909E12
8793849 1327298 1.44014836801E12
8793849 1327298 1.440148368119E12
8793849 1327298 1.440148368238E12
8793573 1327673 1.440148368413E12
8793573 1327673 1.44014836855E12
8793573 1327673 1.440148368735E12
8793573 1327673 1.440148368859E12
8793573 1327673 1.44014836896E12
8793573 1327673 1.440148369073E12
8793573 1327673 1.440148369272E12
8793573 1327673 1.440148369377E12
8793573 1327673 1.440148369502E12
8793573 1327673 1.440148369629E12
8793573 1327673 1.440148369758E12
8793573 1327673 1.440148369889E12
8793573 1327673 1.440148369994E12
8793573 1327673 1.440148370105E12
8793573 1327673 1.440148370212E12
8793573 1327673 1.440148370324E12
8793573 1327673 1.440148370443E12
8793573 1327674 1.440148370615E12
8793573 1327674 1.440148370713E12
8793573 1327674 1.440148370823E12
8793573 1327674 1.440148370935E12
8793573 1327674 1.440148371043E12
8793573 1327674 1.440148371187E12
8793573 1327674 1.440148371341E12
8793573 1327674 1.440148371481E12
8793573 1327674 1.4401483716E12
8793573 1327674 1.440148371738E12
8793573 1327674 1.440148371855E12
8793573 1327674 1.44014837197E12
8793573 1327674 1.440148372075E12
8793573 1327674 1.440148372228E12
8793573 1327674 1.440148372371E12
8793573 1327674 1.4401483725E12
8793573 1327674 1.440148372595E12
8793573 1327674 1.440148372841E12
8793574 1327674 1.440148372951E12
8793574 1327674 1.440148373066E12
8793574 1327674 1.440148373186E12
8793574 1327674 1.440148373299E12
8793574 1327674 1.440148373419E12
8793574 1327674 1.440148373529E12
8793574 1327674 1.440148373636E12
8793574 1327674 1.44014837375E12
8793574 1327674 1.440148373888E12
8793574 1327674 1.440148374004E12
8793574 1327674 1.440148374146E12
8793574 1327674 1.440148374276E12
8793574 1327674 1.440148374464E12
8793574 1327674 1.440148374619E12
8793574 1327674 1.44014837476E12
8793574 1327674 1.440148374884E12
8793574 1327674 1.440148375E12
8793574 1327674 1.440148375168E12
8793497 1327800 1.440148376065E12
8793497 1327800 1.440148376315E12
8793497 1327800 1.440148376491E12
8793497 1327800 1.440148376607E12
8793497 1327800 1.440148376789E12
8793497 1327800 1.440148376892E12
8793497 1327800 1.440148377033E12
8793497 1327800 1.440148377145E12
8793497 1327800 1.440148377261E12
8793497 1327800 1.440148377461E12
8793299 1328099 1.440148377591E12
8793299 1328099 1.440148377713E12
8793299 1328099 1.440148377839E12
8793299 1328099 1.440148377967E12
8793299 1328099 1.440148378106E12
8793299 1328099 1.44014837823E12
8793299 1328099 1.440148378379E12
8793299 1328099 1.440148378506E12
8793299 1328099 1.440148378631E12
8793299 1328099 1.440148378882E12
8793299 1328099 1.440148379063E12
8793299 1328099 1.440148379228E12
8793299 1328099 1.44014837937E12
8793299 1328099 1.440148379463E12
8793299 1328099 1.440148379617E12
8793299 1328099 1.44014837976E12
8793298 1328643 1.440148380739E12
8793298 1328643 1.440148380972E12
8793298 1328643 1.440148381112E12
8793298 1328643 1.440148381302E12
8793298 1328643 1.440148381449E12
8793298 1328643 1.440148381659E12
8793298 1328643 1.440148381807E12
8793298 1328643 1.440148381919E12
8793298 1328643 1.440148382026E12
8793298 1328671 1.440148382144E12
8793298 1328671 1.440148382252E12
8793298 1328671 1.440148382372E12
8793298 1328671 1.440148382508E12
8793298 1328671 1.440148382621E12
8793298 1328671 1.440148382746E12
8793298 1328671 1.440148382856E12
8793298 1328671 1.440148382965E12
8793298 1328671 1.440148383091E12
8793298 1328671 1.440148383217E12
8793298 1328671 1.440148383326E12
8793298 1328671 1.440148383545E12
8793298 1328671 1.440148383719E12
8793298 1328671 1.440148383832E12
8793298 1328671 1.440148383953E12
8793298 1328671 1.440148384069E12
8793298 1328671 1.440148384186E12
8793298 1328671 1.440148384345E12
8793298 1328849 1.440148384454E12
8793298 1328849 1.440148384566E12
8793298 1328849 1.440148384676E12
8793298 1328849 1.440148384794E12
8793298 1328849 1.440148384908E12
8793298 1328849 1.440148385017E12
8793298 1328849 1.440148385129E12
8793298 1328849 1.440148385254E12
8793298 1328849 1.440148385388E12
8793298 1328849 1.440148385502E12
8793298 1328849 1.440148385615E12
8793298 1328849 1.440148385759E12
8793298 1328849 1.440148385876E12
8793298 1328849 1.440148386004E12
8793298 1328849 1.440148386116E12
8793298 1328849 1.440148386228E12
8793298 1328849 1.440148386335E12
8793298 1328849 1.440148386456E12
8793298 1328849 1.440148386605E12
8793299 1329023 1.440148386712E12
8793299 1329023 1.440148386829E12
8793299 1329023 1.440148386951E12
8793299 1329023 1.440148387065E12
8793299 1329023 1.440148387212E12
8793299 1329023 1.440148387322E12
8793299 1329023 1.440148387447E12
8793299 1329023 1.440148387629E12
8793299 1329023 1.440148387763E12
8793299 1329023 1.440148387872E12
8793299 1329023 1.440148387993E12
8793299 1329023 1.44014838811E12
8793299 1329023 1.440148388217E12
8793299 1329023 1.440148388333E12
8793299 1329023 1.440148388457E12
8793299 1329023 1.440148388577E12
8793299 1329023 1.440148388698E12
8793299 1329023 1.440148388811E12
8793299 1329023 1.440148388923E12
8793397 1329948 1.440148389034E12
8793397 1329948 1.440148389149E12
8793397 1329948 1.440148389275E12
8793397 1329948 1.440148389401E12
8793397 1329948 1.440148389525E12
8793397 1329948 1.440148389652E12
8793397 1329948 1.440148389762E12
8793397 1329948 1.440148389886E12
8793397 1329948 1.440148390008E12
8793397 1329948 1.440148390118E12
8793397 1329948 1.440148390239E12
8793397 1329948 1.440148390368E12
8793397 1329948 1.440148390482E12
8793397 1329948 1.440148390599E12
8793397 1329948 1.440148390711E12
8793397 1329948 1.440148390832E12
8793397 1329948 1.440148390962E12
8793397 1329948 1.44014839107E12
8793399 1330172 1.440148391213E12
8793399 1330172 1.440148391316E12
8793399 1330172 1.440148391459E12
8793399 1330172 1.440148391566E12
8793399 1330172 1.440148391672E12
8793399 1330172 1.440148391802E12
8793399 1330172 1.440148391917E12
8793399 1330172 1.440148392032E12
8793399 1330172 1.44014839214E12
8793399 1330172 1.440148392267E12
8793399 1330172 1.440148392386E12
8793399 1330172 1.440148392494E12
8793399 1330172 1.440148392611E12
8793399 1330172 1.440148392717E12
8793399 1330172 1.44014839283E12
8793399 1330172 1.440148392994E12
8793399 1330172 1.440148393119E12
8793399 1330172 1.440148393231E12
8793399 1330172 1.440148393364E12
8793399 1330172 1.44014839349E12
8793399 1330320 1.440148393617E12
8793399 1330320 1.440148393754E12
8793399 1330320 1.44014839391E12
8793399 1330320 1.440148394011E12
8793399 1330320 1.440148394122E12
8793399 1330320 1.440148394299E12
8793399 1330320 1.440148394445E12
8793399 1330320 1.440148394576E12
8793399 1330320 1.440148394744E12
8793399 1330320 1.440148394887E12
8793399 1330320 1.440148395065E12
8793399 1330320 1.440148395201E12
8793399 1330320 1.440148395352E12
8793399 1330320 1.440148395447E12
8793399 1330320 1.440148395611E12
8793399 1330320 1.440148395758E12
8793399 1330248 1.440148395856E12
8793399 1330248 1.440148396021E12
8793399 1330248 1.440148396119E12
8793399 1330248 1.440148396253E12
8793399 1330248 1.440148396362E12
8793399 1330248 1.440148396474E12
8793399 1330248 1.440148396632E12
8793399 1330248 1.440148396743E12
8793399 1330248 1.440148396886E12
8793399 1330248 1.440148397009E12
8793399 1330248 1.440148397119E12
8793399 1330248 1.440148397273E12
8793399 1330248 1.44014839739E12
8793399 1330248 1.440148397538E12
8793399 1330248 1.440148397725E12
8793399 1330248 1.440148397854E12
8793399 1330248 1.44014839796E12
8793399 1330248 1.440148398075E12
8793399 1330546 1.440148398895E12
8793399 1330546 1.440148399125E12
8793399 1330546 1.440148399255E12
8793399 1330546 1.440148399418E12
8793399 1330546 1.440148399541E12
8793399 1330546 1.440148399653E12
8793399 1330546 1.440148399766E12
8793399 1330546 1.44014839989E12
8793399 1330546 1.440148400005E12
8793399 1330546 1.440148400116E12
8793399 1330546 1.440148400259E12
8793399 1330546 1.440148400447E12
8793399 1330849 1.440148400593E12
8793399 1330849 1.440148400739E12
8793399 1330849 1.440148400844E12
8793399 1330849 1.440148401041E12
8793399 1330849 1.440148401156E12
8793399 1330849 1.440148401275E12
8793399 1330849 1.440148401419E12
8793399 1330849 1.440148401573E12
8793399 1330849 1.440148401699E12
8793399 1330849 1.440148401827E12
8793399 1330849 1.440148401951E12
8793399 1330849 1.440148402059E12
8793399 1330849 1.440148402173E12
8793399 1330849 1.440148402304E12
8793399 1330849 1.44014840243E12
8793399 1330849 1.44014840255E12
8793399 1330849 1.440148402659E12
8793399 1330849 1.440148402776E12
8793398 1331974 1.440148402884E12
8793398 1331974 1.440148403049E12
8793398 1331974 1.440148403169E12
8793398 1331974 1.440148403286E12
8793398 1331974 1.440148403392E12
8793398 1331974 1.440148403502E12
8793398 1331974 1.44014840361E12
8793398 1331974 1.440148403739E12
8793398 1331974 1.440148403858E12
8793398 1331974 1.440148403992E12
8793398 1331974 1.440148404113E12
8793398 1331974 1.440148404235E12
8793398 1331974 1.440148404372E12
8793398 1331974 1.440148404521E12
8793398 1331974 1.440148404673E12
8793398 1331974 1.440148404845E12
8793398 1331974 1.440148405021E12
8793398 1331974 1.440148405106E12
8793399 1331449 1.440148405219E12
8793399 1331449 1.440148405356E12
8793399 1331449 1.44014840552E12
8793399 1331449 1.440148405631E12
8793399 1331449 1.440148405767E12
8793399 1331449 1.440148405973E12
8793399 1331449 1.440148406081E12
8793399 1331449 1.440148406193E12
8793399 1331449 1.440148406337E12
8793399 1331449 1.44014840646E12
8793399 1331449 1.44014840659E12
8793399 1331449 1.440148406747E12
8793399 1331449 1.440148406885E12
8793399 1331449 1.440148406994E12
8793399 1331449 1.440148407127E12
8793399 1331449 1.440148407247E12
8793399 1331449 1.440148407374E12
8793398 1331673 1.440148407501E12
8793398 1331673 1.440148407605E12
8793398 1331673 1.440148407764E12
8793398 1331673 1.440148407913E12
8793398 1331673 1.440148408011E12
8793398 1331673 1.440148408135E12
8793398 1331673 1.440148408311E12
8793398 1331673 1.440148408444E12
8793398 1331673 1.44014840855E12
8793398 1331673 1.440148408659E12
8793398 1331673 1.44014840877E12
8793398 1331673 1.440148408879E12
8793398 1331673 1.44014840903E12
8793398 1331673 1.440148409152E12
8793398 1331673 1.440148409263E12
8793398 1331673 1.440148409397E12
8793398 1331673 1.440148409582E12
8793398 1331673 1.440148409703E12
8793398 1331674 1.440148409813E12
8793398 1331674 1.440148409927E12
8793398 1331674 1.440148410062E12
8793398 1331674 1.440148410192E12
8793398 1331674 1.44014841032E12
8793398 1331674 1.440148410438E12
8793398 1331674 1.440148410564E12
8793398 1331674 1.440148410673E12
8793398 1331674 1.440148410822E12
8793398 1331674 1.440148411008E12
8793398 1331674 1.440148411159E12
8793398 1331674 1.44014841129E12
8793398 1331674 1.440148411441E12
8793398 1331674 1.440148411579E12
8793398 1331674 1.440148411816E12
8793398 1331674 1.440148411921E12
8793400 1331669 1.440148412164E12
8793400 1331669 1.44014841227E12
8793400 1331669 1.440148412379E12
8793400 1331669 1.440148412513E12
8793400 1331669 1.44014841262E12
8793400 1331669 1.440148412751E12
8793400 1331669 1.440148412944E12
8793400 1331669 1.440148413053E12
8793400 1331669 1.440148413181E12
8793400 1331669 1.440148413326E12
8793400 1331669 1.440148413415E12
8793400 1331669 1.440148413569E12
8793400 1331669 1.440148413747E12
8793400 1331669 1.440148413878E12
8793400 1331669 1.440148414001E12
8793400 1331669 1.440148414112E12
8793400 1331669 1.440148414224E12
8793400 1331669 1.440148414338E12
8793424 1333170 1.440148414458E12
8793424 1333170 1.440148414573E12
8793424 1333170 1.440148414729E12
8793424 1333170 1.44014841488E12
8793424 1333170 1.440148414996E12
8793424 1333170 1.44014841512E12
8793424 1333170 1.440148415224E12
8793424 1333170 1.440148415368E12
8793424 1333170 1.440148415486E12
8793424 1333170 1.440148415619E12
8793424 1333170 1.440148415742E12
8793424 1333170 1.440148415863E12
8793424 1333170 1.440148415987E12
8793424 1333170 1.440148416109E12
8793424 1333170 1.44014841623E12
8793424 1333170 1.44014841634E12
8793424 1333170 1.440148416452E12
8793424 1333170 1.440148416604E12
8793424 1333170 1.440148416716E12
8793424 1333174 1.440148416828E12
8793424 1333174 1.440148416937E12
8793424 1333174 1.440148417058E12
8793424 1333174 1.440148417169E12
8793424 1333174 1.44014841728E12
8793424 1333174 1.440148417419E12
8793424 1333174 1.440148417526E12
8793424 1333174 1.440148417641E12
8793424 1333174 1.440148417763E12
8793424 1333174 1.440148417874E12
8793424 1333174 1.440148418042E12
8793424 1333174 1.440148418197E12
8793424 1333174 1.440148418296E12
8793424 1333174 1.44014841844E12
8793424 1333174 1.440148418584E12
8793424 1333174 1.440148418727E12
8793424 1333174 1.440148418845E12
8793424 1333174 1.440148418952E12
8793424 1333323 1.440148419058E12
8793424 1333323 1.440148419226E12
8793424 1333323 1.440148419361E12
8793424 1333323 1.440148419464E12
8793424 1333323 1.440148419579E12
8793424 1333323 1.440148419687E12
8793424 1333323 1.44014841986E12
8793424 1333323 1.44014842E12
8793424 1333323 1.4401484201E12
8793424 1333323 1.440148420262E12
8793424 1333323 1.440148420386E12
8793424 1333323 1.440148420503E12
8793424 1333323 1.440148420616E12
8793424 1333323 1.440148420731E12
8793424 1333323 1.440148420862E12
8793424 1333323 1.440148420967E12
8793424 1333323 1.440148421095E12
8793424 1333323 1.440148421209E12
8793424 1333323 1.440148421321E12
8793448 1333571 1.440148421428E12
8793448 1333571 1.440148421555E12
8793448 1333571 1.440148421694E12
8793448 1333571 1.44014842183E12
8793448 1333571 1.440148421968E12
8793448 1333571 1.440148422069E12
8793448 1333571 1.440148422216E12
8793448 1333571 1.440148422325E12
8793448 1333571 1.440148422478E12
8793448 1333571 1.44014842259E12
8793448 1333571 1.440148422716E12
8793448 1333571 1.440148422823E12
8793448 1333571 1.440148422949E12
8793448 1333571 1.440148423061E12
8793448 1333571 1.440148423197E12
8793448 1333571 1.440148423309E12
8793448 1333571 1.440148423457E12
8793448 1333571 1.440148423575E12
8793448 1333571 1.440148423714E12
8793424 1333423 1.44014842383E12
8793424 1333423 1.440148423982E12
8793424 1333423 1.440148424085E12
8793424 1333423 1.44014842421E12
8793424 1333423 1.440148424331E12
8793424 1333423 1.44014842445E12
8793424 1333423 1.440148424593E12
8793424 1333423 1.440148424697E12
8793424 1333423 1.440148424811E12
8793424 1333423 1.440148424926E12
8793424 1333423 1.440148425031E12
8793424 1333423 1.440148425147E12
8793424 1333423 1.440148425264E12
8793424 1333423 1.440148425418E12
8793424 1333423 1.44014842553E12
8793424 1333423 1.440148425679E12
8793424 1333423 1.440148425797E12
8793424 1333423 1.440148425906E12
8793424 1333423 1.440148426053E12
8793572 1334298 1.440148426164E12
8793572 1334298 1.440148426274E12
8793572 1334298 1.440148426423E12
8793572 1334298 1.440148426641E12
8793572 1334298 1.440148426739E12
8793572 1334298 1.440148426914E12
8793572 1334298 1.440148427032E12
8793572 1334298 1.440148427155E12
8793572 1334298 1.440148427272E12
8793572 1334298 1.440148427387E12
8793572 1334298 1.440148427589E12
8793572 1334298 1.440148427732E12
8793572 1334298 1.440148427852E12
8793572 1334298 1.440148427987E12
8793572 1334298 1.440148428094E12
8793572 1334298 1.440148428213E12
8793572 1334298 1.440148428322E12
8793473 1333974 1.440148428484E12
8793473 1333974 1.440148428628E12
8793473 1333974 1.44014842874E12
8793473 1333974 1.4401484289E12
8793473 1333974 1.440148429015E12
8793473 1333974 1.440148429134E12
8793473 1333974 1.440148429251E12
8793473 1333974 1.440148429385E12
8793473 1333974 1.44014842951E12
8793473 1333974 1.440148429645E12
8793473 1333974 1.440148429752E12
8793473 1333974 1.440148429873E12
8793473 1333974 1.440148429987E12
8793473 1333974 1.440148430095E12
8793473 1333974 1.440148430215E12
8793473 1333974 1.440148430326E12
8793473 1333974 1.440148430434E12
8793473 1333974 1.44014843057E12
8793473 1333974 1.440148430685E12
8793799 1334399 1.440148432079E12
8793799 1334399 1.440148432453E12
8793799 1334399 1.440148432586E12
8793799 1334399 1.440148432728E12
8793799 1334399 1.440148432883E12
8793799 1334399 1.440148432987E12
8793799 1334398 1.44014843318E12
8793799 1334398 1.440148433363E12
8793799 1334398 1.440148433495E12
8793799 1334398 1.440148433636E12
8793799 1334398 1.440148433737E12
8793799 1334398 1.440148433887E12
8793799 1334398 1.440148434004E12
8793799 1334398 1.440148434143E12
8793799 1334398 1.440148434267E12
8793799 1334398 1.440148434424E12
8793799 1334398 1.440148434551E12
8793799 1334398 1.440148434676E12
8793799 1334398 1.440148434792E12
8793799 1334398 1.4401484349E12
8793799 1334398 1.440148435015E12
8793799 1334398 1.440148435145E12
8793799 1334398 1.440148435268E12
8793799 1334398 1.440148435397E12
8794097 1334398 1.440148435549E12
8794097 1334398 1.440148435654E12
8794097 1334398 1.440148435777E12
8794097 1334398 1.440148435949E12
8794250 1334397 1.440148436064E12
8794250 1334397 1.440148436193E12
8794250 1334397 1.440148436303E12
8794250 1334397 1.440148436543E12
8794250 1334397 1.440148436659E12
8794250 1334397 1.440148436785E12
8794250 1334397 1.440148436895E12
8794250 1334397 1.440148437006E12
8794250 1334397 1.440148437121E12
8794250 1334397 1.440148437236E12
8794250 1334397 1.440148437363E12
8794250 1334397 1.440148437475E12
8794250 1334397 1.440148437592E12
8794250 1334397 1.4401484377E12
8794250 1334397 1.440148437853E12
8794250 1334397 1.440148437991E12
8794250 1334397 1.440148438103E12
8794250 1334397 1.440148438228E12
8794250 1334397 1.440148438369E12
8794250 1334397 1.440148438497E12
8794250 1334397 1.440148438606E12
8794250 1334397 1.440148438715E12
8794250 1334397 1.440148438827E12
8794250 1334397 1.440148438959E12
8794250 1334397 1.440148439065E12
8794250 1334397 1.440148439189E12
8794923 1334398 1.440148439317E12
8794923 1334398 1.44014843942E12
8794923 1334398 1.440148439533E12
8794923 1334398 1.440148439666E12
8794923 1334398 1.440148439809E12
8794923 1334398 1.440148439922E12
8794923 1334398 1.440148440051E12
8794923 1334398 1.440148440229E12
8794923 1334398 1.440148440368E12
8794923 1334398 1.440148440486E12
8794923 1334398 1.440148440705E12
8794923 1334398 1.44014844082E12
8794923 1334398 1.440148440931E12
8794923 1334398 1.440148441045E12
8794923 1334398 1.44014844116E12
8794923 1334398 1.440148441279E12
8794923 1334398 1.440148441394E12
8794923 1334398 1.440148441511E12
8794923 1334398 1.440148441684E12
8794923 1334398 1.440148441805E12
8794923 1334398 1.440148441949E12
8794923 1334398 1.440148442048E12
8795223 1334374 1.440148442159E12
8795223 1334374 1.440148442372E12
8795223 1334374 1.440148442511E12
8795223 1334374 1.440148442627E12
8795223 1334374 1.440148442757E12
8795223 1334374 1.440148442864E12
8795223 1334374 1.440148442985E12
8795223 1334374 1.4401484431E12
8795223 1334374 1.440148443207E12
8795223 1334374 1.440148443333E12
8795223 1334374 1.440148443464E12
8795223 1334374 1.440148443579E12
8795223 1334374 1.440148443711E12
8795223 1334374 1.44014844382E12
8795223 1334374 1.440148443942E12
8795223 1334374 1.440148444054E12
8795223 1334374 1.440148444182E12
8795223 1334374 1.440148444293E12
8795223 1334374 1.440148444413E12
8794550 1334398 1.440148444524E12
8794550 1334398 1.440148444752E12
8794550 1334398 1.440148444866E12
8794550 1334398 1.440148445009E12
8794550 1334398 1.440148445145E12
8794550 1334398 1.440148445266E12
8794550 1334398 1.440148445379E12
8794550 1334398 1.440148445492E12
8794550 1334398 1.440148445635E12
8794550 1334398 1.440148445749E12
8794550 1334398 1.440148445855E12
8794550 1334398 1.440148445973E12
8794550 1334398 1.440148446088E12
8794550 1334398 1.440148446205E12
8794550 1334398 1.44014844636E12
8794550 1334398 1.440148446467E12
8794550 1334398 1.440148446582E12
8794550 1334398 1.440148446702E12
8795524 1334323 1.440148446827E12
8795524 1334323 1.440148446928E12
8795524 1334323 1.440148447038E12
8795524 1334323 1.440148447163E12
8795524 1334323 1.440148447276E12
8795524 1334323 1.440148447392E12
8795524 1334323 1.440148447513E12
8795524 1334323 1.440148447632E12
8795524 1334323 1.440148447779E12
8795524 1334323 1.440148447898E12
8795524 1334323 1.440148448005E12
8795524 1334323 1.440148448126E12
8795524 1334323 1.440148448258E12
8795524 1334323 1.440148448435E12
8795524 1334323 1.440148448543E12
8795524 1334323 1.440148448721E12
8795524 1334323 1.440148448826E12
8795524 1334323 1.44014844896E12
8795524 1334323 1.440148449077E12
8795600 1334323 1.44014844919E12
8795600 1334323 1.440148449322E12
8795600 1334323 1.440148449465E12
8795600 1334323 1.440148449584E12
8795600 1334323 1.440148449736E12
8795600 1334323 1.440148449851E12
8795600 1334323 1.440148450006E12
8795600 1334323 1.440148450106E12
8795600 1334323 1.440148450277E12
8795600 1334323 1.440148450409E12
8795600 1334323 1.440148450522E12
8795600 1334323 1.44014845066E12
8795600 1334323 1.440148450805E12
8795600 1334323 1.440148450918E12
8795600 1334323 1.440148451033E12
8795600 1334323 1.440148451158E12
8795600 1334323 1.440148451291E12
8795600 1334323 1.440148451416E12
8795751 1334348 1.440148451528E12
8795751 1334348 1.440148451662E12
8795751 1334348 1.44014845178E12
8795751 1334348 1.440148451902E12
8795751 1334348 1.440148452014E12
8795751 1334348 1.440148452128E12
8795751 1334348 1.440148452237E12
8795751 1334348 1.440148452402E12
8795751 1334348 1.440148452519E12
8795751 1334348 1.440148452635E12
8795751 1334348 1.440148452784E12
8795751 1334348 1.44014845289E12
8795751 1334348 1.440148453001E12
8795751 1334348 1.440148453158E12
8795751 1334348 1.440148453337E12
8795751 1334348 1.440148453444E12
8795751 1334348 1.440148453574E12
8795751 1334348 1.440148453704E12
8796497 1334298 1.440148453858E12
8796497 1334298 1.440148453979E12
8796497 1334298 1.440148454109E12
8796497 1334298 1.440148454246E12
8796497 1334298 1.440148454355E12
8796497 1334298 1.440148454621E12
8796497 1334298 1.440148454735E12
8796497 1334298 1.440148454835E12
8796497 1334298 1.440148454958E12
8796497 1334298 1.440148455074E12
8796497 1334298 1.440148455187E12
8796497 1334298 1.440148455306E12
8796497 1334298 1.440148455453E12
8796497 1334298 1.440148455589E12
8796497 1334298 1.440148455739E12
8796497 1334298 1.440148455844E12
8796497 1334298 1.440148455977E12
8796948 1334298 1.440148456793E12
8796948 1334298 1.440148456959E12
8796948 1334298 1.44014845707E12
8796948 1334298 1.440148457177E12
8796948 1334298 1.440148457297E12
8796948 1334298 1.440148457403E12
8796948 1334298 1.44014845752E12
8796948 1334298 1.440148457634E12
8796948 1334298 1.440148457746E12
8796948 1334298 1.440148457894E12
8796948 1334298 1.440148458027E12
8796948 1334298 1.440148458131E12
8796948 1334298 1.440148458241E12
8796948 1334298 1.440148458383E12
8797249 1334299 1.440148458471E12
8797249 1334299 1.440148458591E12
8797249 1334299 1.440148458777E12
8797249 1334299 1.440148458898E12
8797249 1334299 1.440148459031E12
8797249 1334299 1.440148459138E12
8797249 1334299 1.440148459342E12
8797249 1334299 1.440148459464E12
8797249 1334299 1.4401484596E12
8797249 1334299 1.440148459743E12
8797249 1334299 1.440148459856E12
8797249 1334299 1.440148460014E12
8797249 1334299 1.440148460135E12
8797249 1334299 1.440148460241E12
8797249 1334299 1.440148460353E12
8797249 1334299 1.44014846046E12
8797249 1334299 1.440148460568E12
8797249 1334299 1.440148460734E12
8797323 1334299 1.44014846088E12
8797323 1334299 1.440148461042E12
8797323 1334299 1.440148461187E12
8797323 1334299 1.440148461311E12
8797323 1334299 1.440148461408E12
8797323 1334299 1.44014846159E12
8797323 1334299 1.440148461709E12
8797323 1334299 1.440148461815E12
8797323 1334299 1.44014846192E12
8797323 1334299 1.440148462039E12
8797323 1334299 1.44014846216E12
8797323 1334299 1.440148462268E12
8797323 1334299 1.440148462418E12
8797323 1334299 1.440148462589E12
8797323 1334299 1.440148462704E12
8797323 1334299 1.440148462804E12
8797323 1334299 1.440148462961E12
8797323 1334299 1.44014846311E12
8797625 1334298 1.440148463227E12
8797625 1334298 1.440148463362E12
8797625 1334298 1.440148463455E12
8797625 1334298 1.440148463593E12
8797625 1334298 1.440148463699E12
8797625 1334298 1.440148463807E12
8797625 1334298 1.440148463917E12
8797625 1334298 1.440148464039E12
8797625 1334298 1.440148464143E12
8797625 1334298 1.440148464248E12
8797625 1334298 1.44014846438E12
8797625 1334298 1.440148464549E12
8797625 1334298 1.440148464655E12
8797625 1334298 1.440148464758E12
8797625 1334298 1.440148464864E12
8797625 1334298 1.440148464974E12
8797625 1334298 1.440148465138E12
8797625 1334298 1.440148465241E12
8797625 1334298 1.440148465348E12
8797625 1334298 1.440148465492E12
